                                                                                                                                                                                                                                                                                                                                                                                                                                                                                                                                                                                                                                                                                                                                                                                                         Technical_Skills
                                                                                                                                                                                                                                                                                                                                                                                                                                                                                                                                                                                                                                                                                                                                                                                                          Network Routing
                                                                                                                                                                         IBM Cloud Computing,Bash (Scripting Language),Multiprotocol Label Switching,Firewall,Structured Cabling,Routing Protocols,Perl (Programming Language),Virtual Private Networks (VPN),Network Engineering,Software Development,Installation Testing,Computer Networks,Network Troubleshooting,Wavelength-Division Multiplexing,Network Protocols,Design Codes,Virtual Router Redundancy Protocols,Python (Programming Language),Root Cause Analysis,Open Shortest Path First (OSPF),Linux,Border Gateway Protocol,Network Infrastructure,Backbone.Js,Infrastructure As A Service (IaaS),Data Centers,Network Switches,Hot Standby Router Protocol
                                                                                                                                                                                                                                                                                                                                                                                                                                                                                                                                                                                                                                               Linux Servers,Web Hosting Services,TCP/IP,Functional Specification,Virtual Private Networks (VPN),Windows Servers,Ubuntu (Operating System),Web Servers,CentOS,Linux,Nginx
                                                                                                                                                                                                                                                                                                                                                                Access Control List,Firewall,Cisco Adaptive Security Appliance (ASA),Routing Protocols,Virtual Local Area Network (VLAN),Cisco PIX,VLAN Trunking Protocol (VTP),Technical Communication,Open Shortest Path First (OSPF),Wireless Security,Border Gateway Protocol,Enhanced Interior Gateway Routing Protocols,Cisco Routers,Problem Management,Network Routing,Information Technology Infrastructure Library,Network Switches,Hot Standby Router Protocol
                                                                                                                                                                                                                                                                                                                                                                                                                Wide Area Networks,Application Programming Interface (API),Incident Management,Network Monitoring,Local Area Networks,Information And Communications Technology,Cisco PIX,Internet Protocols Suite,Firewall,Cisco Meraki,Network Troubleshooting,Change Management,Cisco Adaptive Security Appliance (ASA),Network Switches,Software Defined Networking (SDN),Linux,Unix,Network Functions Virtualization
                                                                                                                                                                                                                                                                                                 Network Security,Integrated Services Digital Networks,Firewall,Routing Protocols,TCP/IP,Virtual Private Networks (VPN),Address Resolution Protocols,Continuous Improvement Process,Routing Information Protocols,Network Protocols,Virtual Router Redundancy Protocols,Ethernet Frame,Open Shortest Path First (OSPF),Ipconfig,Internet Protocol Security (IP SEC),Border Gateway Protocol,Enhanced Interior Gateway Routing Protocols,Nslookup,Hot Standby Router Protocol,Interior Gateway Routing Protocols,Debugging
                                                                                                                                                                                                                                                                                                                                                                                                                                                                                                                                                                                        Riverbed (Software),Border Gateway Protocol,Enhanced Interior Gateway Routing Protocols,Packet Analyzer,Service Delivery,Network Engineering,Network Routing,Information Technology Infrastructure Library,Stakeholder Management
                                                                                                                 Multiprotocol Label Switching,Open Systems Interconnection,Firewall,Cisco Adaptive Security Appliance (ASA),Capacity Planning,Hypervisor,TCP/IP,Leased Lines,Virtual Private Networks (VPN),Network Engineering,Vcenter,Address Resolution Protocols,Virtual Local Area Network (VLAN),Cisco PIX,Traceroute,Network Troubleshooting,Dynamic Host Configuration Protocol (DHCP),Internet Protocols Suite,Active Directory,Change Management,Internet Protocol Security (IP SEC),Firmware,Packet Analyzer,Network Infrastructure,Nslookup,Network Diagnostics,Network Routing,Information Technology Infrastructure Library,Resource Utilization,Internet Control Message Protocol (ICMP),Network Switches
                                                                                                                                                                                                                                                                                                                                                                                                                                                                                                                                   Python (Programming Language),Root Cause Analysis,Perl (Programming Language),Cloud Infrastructure,Network Infrastructure,Virtualization,Backup Devices,Ruby On Rails,Scripting,Docker,Google Cloud,Xen Servers,Amazon Web Services,System Administration,Linux,Unix,Disaster Recovery
                                                                                                                                                                                                                                                                                                                                                                                                                                                                                                                                                                                                                                                                                                                                                                  OSI Models,Operating Systems,TCP/IP,Network Engineering
                                                                                                                                                                                                                                                                                                                                                                                                                                                                                                                                                                                                                                                                                                                                                                  Shell Script,Containerization,Ubuntu (Operating System)
                                                                                                                                                                                                                                                                                                                                                                                                                                                                                     Load Balancing,Dynamic Host Configuration Protocol (DHCP),Firmware,Root Cause Analysis,Border Gateway Protocol,Enhanced Interior Gateway Routing Protocols,Engineering Support,Network Routing,Open Shortest Path First (OSPF),Performance Reporting,Firewall,Network Troubleshooting,VLAN Trunking Protocol (VTP),Routing Protocols
                                                                                                                 Multiprotocol Label Switching,Open Systems Interconnection,Firewall,Cisco Adaptive Security Appliance (ASA),Capacity Planning,Hypervisor,TCP/IP,Leased Lines,Virtual Private Networks (VPN),Network Engineering,Vcenter,Address Resolution Protocols,Virtual Local Area Network (VLAN),Cisco PIX,Traceroute,Network Troubleshooting,Dynamic Host Configuration Protocol (DHCP),Internet Protocols Suite,Active Directory,Change Management,Internet Protocol Security (IP SEC),Firmware,Packet Analyzer,Network Infrastructure,Nslookup,Network Diagnostics,Network Routing,Information Technology Infrastructure Library,Resource Utilization,Internet Control Message Protocol (ICMP),Network Switches
Bluecoat Proxies,Multiprotocol Label Switching,Proxy Servers,Local Area Networks,Firewall,Remote Access Systems,IP Addressing,Spanning Tree Protocols,Generic Routing Encapsulation,Virtual Private Networks (VPN),Network Engineering,Network Address Translation,Virtual Local Area Network (VLAN),Traffic Shaping,Design Review,VLAN Trunking Protocol (VTP),Wide Area Networks,Dynamic Host Configuration Protocol (DHCP),Traffic Analysis,Aruba (Network Management Software),Open Shortest Path First (OSPF),Peak Expiratory Flow,Remote Access Service,Internet Protocol Security (IP SEC),In-Plane Switching (IPS),Border Gateway Protocol,Enhanced Interior Gateway Routing Protocols,Network Infrastructure,Packet Analyzer,Variable-Length Subnet Masking (VLSM),Network Routing,Authentications,LAN Switching
                                                                                                                                                                                                                                                                                                                                                                                                                                                                                                                          Infrastructure as Code (IaC),Single Sign-On (SSO),DevOps,Operating Systems,Amazon Web Services,SQL (Programming Language),Scripting,Docker,Jenkins,Access Controls,Amazon S3,AWS CLI (Command Line Interface),Active Directory,Firewall,Containerization,AWS Kinesis,Linux,Serverless Computing
                                                                                                                                                                                                                                                                                                                                                                                                                                                                                                                                                                                                                                                                                                                                                                                      Windows Servers,Network Engineering
                                                                                                                                                                                                                                                                                                                                                                                                                                                                                                                                                                                                                                                                                                                                                   Wide Area Networks,Service Provider,Sales Process,Demonstration Skills
                                                                                                                                                                                                                                                                                                                                                                                                                                                                                                                                                                                                                                        Metro Ethernet,Virtual Private Networks (VPN),Product Management,Network Routing,Local Area Networks,Market Requirements Documents,LTE (Telecommunication),WiMAX,Packet Switching
                                                                                                                                                                                                                                                                                                                                                                                                                                                                                                                Dynamic Host Configuration Protocol (DHCP),TCP/IP,Enhanced Interior Gateway Routing Protocols,Wireless LAN,Open Systems Interconnection,Network Address Translation,Network Routing,Open Shortest Path First (OSPF),Virtual Local Area Network (VLAN),IP Multicasting,Wireless Networks,Routing Protocols
                                                                                                                                                                                                                                                                                                                                                                                                                                                                                                                                                                                                                                                 Technical Documentation,Cisco Routers,Product Support,Identity Services Engine,Information Technology Infrastructure Library,Firewall,Network Switches,Change Management
                                                                                                                                                                                           Network Storage,Local Area Networks,Scripting,Cisco IOS,Firewall,Network Management,Simple Network Management Protocols,Perl (Programming Language),TCP/IP,Network Engineering,Operating Systems,Computer Networks,Virtual Local Area Network (VLAN),Configuration Management,Computing Platforms,Wide Area Networks,Python (Programming Language),Java (Programming Language),Open Shortest Path First (OSPF),Integrated Service Routers,Linux,Internet Protocol Security (IP SEC),Border Gateway Protocol,Network Infrastructure,Cisco Routers,Network Switches,Hot Standby Router Protocol,Network Functions Virtualization
                                                                                                                                                                                                                                                                                                                                                                                                                                                                                                                                               Wide Area Networks,Network Security,Version Control,Complex Networks,Web Filtering,Cisco Routers,Proxy Servers,Network Routing,Local Area Networks,Cisco PIX,Firewall,Advanced Cardiovascular Life Support (ACLS),Cisco Adaptive Security Appliance (ASA),Network Switches
                                                                                                                                                   Dynamic Multipoint Virtual Private Networks,PHP (Scripting Language),Scripting,Firewall,Unix,Perl (Programming Language),Nagios,Virtual Private Networks (VPN),Network Address Translation,Terminal Access Controller Access-Control System (TACACS),Command-Line Interface,Wide Area Networks,Python (Programming Language),Paessler Router Traffic Grapher,Open Shortest Path First (OSPF),Cisco Meraki,Ansible,Identity Services Engine,Link Aggregation (Ethernet),Linux,Load Balancing,Internet Protocol Security (IP SEC),Redox,Border Gateway Protocol,Enhanced Interior Gateway Routing Protocols,Advanced Cardiovascular Life Support (ACLS),Network Switches
                                                                                                                                                                                                                                                                                                                                                                                                                                                                                                                                                                                                                                                                                                                                                     Network Planning And Design,Test Design,Customer Support,Procurement
                                                                                                                                                                                                                                                                                                                                                                                                                                                                                                                                                                                                                                                                                                                Networking Hardware,Fuzzy Logic,Wireshark,Solaris (Operating System),Tcpdump,Operating Systems,Linux,Unix
                                                                                                                                                                                                                                                                                                                                                                                                                                                                                                                                                                                                                                                                Wide Area Networks,Customer Satisfaction,Virtual Private Networks (VPN),Network Engineering,Dynamic Multipoint Virtual Private Networks,Routing Protocols
                                                                                                                                                                                                                                                                                                                                                                                                                                                                                                                                                                                                                                                                                                                                     Hyper-V,Network Security,Network Engineering,Linux,Software Defined Networking (SDN)
                                                                                                                                                                                                                                                                                                                                                                                                                                                                                                                                                                                                 Wide Area Networks,Border Gateway Protocol,Enhanced Interior Gateway Routing Protocols,Local Area Networks,Open Shortest Path First (OSPF),Virtual Local Area Network (VLAN),Firewall,Network Switches,Routing Protocols
                                                                                                                                                                                                                                                                                                                                                                                                                                                                                                                                                                                                                                                                 Wide Area Networks,Internet Protocol Security (IP SEC),Network Planning And Design,Product Support,Local Area Networks,Help Desk,New Product Development
                                                                                                                                                                                                                                                                                                                                                                                                                                                                                                                                                                                                                                        Information Technology Consulting,Corrective And Preventive Action (CAPA),Customer Relationship Management,Performance Analysis,Systems Analysis,Writing Systems,Active Directory
                                                                                                                                                                                                                                                                                                                                                                                                                                                                                                                                                                                                                                                                                                                        Technical Support,C++ (Programming Language),Drupal,Production Systems,Customer Support,Debugging
                                                                                                                                                                                                                                                                                                                                                                                                                                                                                                                                                                                                                                                                                                                                       Networking Hardware,Income Tax,Technical Support,Technical Documentation,Tally ERP
                                                                                                                                                                                                                       IBM Cloud Computing,Bash (Scripting Language),Multiprotocol Label Switching,Firewall,Structured Cabling,Routing Protocols,Perl (Programming Language),Virtual Private Networks (VPN),Network Engineering,Installation Testing,Computer Networks,Network Troubleshooting,Wavelength-Division Multiplexing,Network Protocols,Virtual Router Redundancy Protocols,Python (Programming Language),Root Cause Analysis,Open Shortest Path First (OSPF),Linux,Border Gateway Protocol,Network Infrastructure,Infrastructure As A Service (IaaS),Data Centers,Network Switches,Hot Standby Router Protocol
                                                                                                                                                                                                                                                                                                                                                                                                                                                                                                                                                                                                                                                                                                                                                                                                                 Firewall
                                                                                                                                                                                                                                                                                                                                                                                                                                                                                                                                                                                                                                                                                                 Performance Testing,Network Engineering,Hardware Architecture,Agile Software Development,Benchmarking,Network Management
                                                                                                                                                                                                                                                                                                                                                                                                                                                                                         Border Gateway Protocol,Enhanced Interior Gateway Routing Protocols,Virtual Private Networks (VPN),Encryption,Network Infrastructure,Open Shortest Path First (OSPF),Local Area Networks,Virtual Local Area Network (VLAN),Information Technology Infrastructure Library,Firewall,VLAN Trunking Protocol (VTP),Routing Protocols
                                                                                                                                                                                                           Access Control List,Multiprotocol Label Switching,Firewall,Spanning Tree Protocols,Network Planning And Design,Networking Hardware,Vcenter,Network Address Translation,Virtual Local Area Network (VLAN),Network Protocols,Virtual Router Redundancy Protocols,Python (Programming Language),Java (Programming Language),Link Layer Discovery Protocol,Microsoft Azure,Open Shortest Path First (OSPF),Cisco Discovery Protocol,Amazon Web Services,Linux,Internet Protocol Security (IP SEC),IPv6,Border Gateway Protocol,Network Virtualization,VxLAN (Virtual Extensible LAN),File Systems,Network Switches
                                                                                                                                                                                                                                                                                                                                                                                                                                                                Python (Programming Language),Border Gateway Protocol,TCP/IP,Enhanced Interior Gateway Routing Protocols,Cisco Routers,Systems Engineering,Open Shortest Path First (OSPF),Intra-Site Automatic Tunnel Addressing Protocol (ISATAP),Information Technology Infrastructure Library,Firewall,Network Switches,Routing Protocols,Internet Protocol Telephony
                                                                                                                                                                                                                                                                                                                                                                                                                                                                                                                                                                             Network Security,Python (Programming Language),In-Plane Switching (IPS),Web Application Security,Bash (Scripting Language),Identity And Access Management,Cisco PIX,Firewall,Network Troubleshooting,Cisco Adaptive Security Appliance (ASA)
                                                                                                                                                                                                                                                                                                                                                  Network Security,Customer Communications Management,Virtualization,Technical Assistance,Firewall,Unix,Networking Hardware,Hypervisor,TCP/IP,Virtual Private Networks (VPN),Operating Systems,Network Protocols,Wide Area Networks,Technical Support,OSI Models,Quality Management,Cryptography,Linux,Internetworking,Web Application Security,Customer Relationship Management,On-Time Performance,AAA Server (Authentication Authorization And Accounting),Cisco WebEx
                                         Network Security,Access Control List,Network Control,Network Interface Controllers,Transport Layer,Firewall,IP Routing,Virtual Private Networks (VPN),Subnetting,Network Address Translation,Address Resolution Protocols,Application Layers,Virtual Local Area Network (VLAN),Security Policies,VLAN Trunking Protocol (VTP),Virtual Router Redundancy Protocols,Dynamic Host Configuration Protocol (DHCP),Routing Table,Virtual Machines,Microsoft Azure,Open Shortest Path First (OSPF),IBM VNET,Access Network,Border Gateway Protocol,Enhanced Interior Gateway Routing Protocols,Advanced Cardiovascular Life Support (ACLS),Network Routing,Infrastructure As A Service (IaaS),Gateway Load Balancing Protocols,Hot Standby Router Protocol,Platform as a Service (PaaS)
                                                                                                                                                                                                                                                                                                                                                                                                                                                                                                                                                                                                                                                                              Digital Subscriber Line Access Multiplexer,Network Engineering,Network Infrastructure,OTN,Accent Reduction,Wavelength-Division Multiplexing
                                                                                                                                                                                                                                                                                                                                                                                                                                                                                                                                                                                                                                                                                                                                       TCP/IP,File Transfer Protocol (FTP),Network Routing,Virtual Private Networks (VPN)
                                                                                                                                                                                                                                                                                                                                                                                                                                                                                                                                                                                                                                                                                                                                                                                           Management Information Systems
                                                                                                                                                                                                                                                                                                                                                                                                                                                                                                                                                                               Network Security,Technical Support,Cisco Routers,Network Administration,Network Monitoring,Problem Management,Network Routing,Information Technology Infrastructure Library,Firewall,Production Systems,Network Switches,Disaster Recovery
                                                                                                                                                                                                                                                                                                                                                                                                                                                                                                                                                             Wide Area Networks,Complex Networks,Networking Hardware,Border Gateway Protocol,Enhanced Interior Gateway Routing Protocols,Dynamic Multipoint Virtual Private Networks,Network Routing,LTE (Telecommunication),Network Switches,Hot Standby Router Protocol
                                                                                                                                                                                                                                                                                                                                                                                                                                                                                                                                                                                                                                                                                                                                                                                      Network Routing,Network Engineering
                                                                                                                                                                                                Multiprotocol Label Switching,Network Analysis,Local Area Networks,IP Addressing,Routing Protocols,Session Initiation Protocols,Capacity Planning,Sniffers,Location-Based Services,NetApp Applications,Operating Systems,NetFlow,Network Service,WiMAX,Failure Mode And Effects Analysis,Wide Area Networks,Traffic Analysis,Quality Of Services,Open Shortest Path First (OSPF),Software Defined Networking (SDN),Load Balancing,Riverbed (Software),Border Gateway Protocol,Wireless LAN,Packet Analyzer,Network Routing,Performance Analysis,Wide Area Augmentation Systems,Network Management System,Network Switches
                                                                                                                                                                                                                                                                                                                                                                                                                                                                                                                                                                                                                                                                                      Invoice Processing,Payment Processing,Procurement,Vendor Management,Information Technology Infrastructure Library,Computer Hardware
                                                                                                                                                                                                                                                                                                                                                                                                                                                                                                                                                                                                                                                                                                                                                                                                                Office365
                                                                                                                                                                                                                                                                                                                                                                                                                                                                                                                                                                                                Device Management,TeamViewer,Programmable Logic Controller Control Panel,Operating Systems,Key Performance Indicators (KPIs),Technical Services,Remote Desktop Services,Network Troubleshooting,Access Controls,Debugging
                                                                                                                                                                                                                                                                                                                                                                                                                                                                                                                                                                                                                                                                                                                                                                                         Systems Engineering,Security Log
                                                                                                                                                                                                                                                                                                                                                                                                                                                                                                                                                                                                                                                                                     Load Balancing,Virtual Internet Protocol Address,Virtual Private Networks (VPN),OSI Models,Virtualization,Microsoft Azure,Traceroute
                                                                                                                                                                                                                                                                                                                                                                                                                                                                                                                                                                             Load Balancing,Virtual Internet Protocol Address,Content Delivery Networks,Virtual Private Networks (VPN),OSI Models,Microsoft Azure,Infrastructure As A Service (IaaS),Traceroute,Platform as a Service (PaaS),Software as a Service (SaaS)
                                                                                                                                                                                                                                                                                                                                                                                                                                                                                                                                                                                                                                                                                                                                                                                                Software Testing,Bugzilla
                                                                                                                                                                                                                                                                                                                                                                                                                                                                                                                                                                                                                                                                                      Process Flow Diagrams,Performance Tuning,Advanced Business Application Programming (ABAP),SAP R/3,Object-Oriented Programming (OOP)